/*
 * dummy_data.c
 *
 * Sponsored License - for use in support of a program or activity
 * sponsored by MathWorks.  Not for government, commercial or other
 * non-sponsored organizational use.
 *
 * Code generation for model "dummy".
 *
 * Model version              : 1.48
 * Simulink Coder version : 9.0 (R2018b) 24-May-2018
 * C source code generated on : Tue May 12 17:22:49 2020
 *
 * Target selection: grt.tlc
 * Note: GRT includes extra infrastructure and instrumentation for prototyping
 * Embedded hardware selection: Intel->x86-64 (Windows64)
 * Code generation objectives: Unspecified
 * Validation result: Not run
 */

#include "dummy.h"
#include "dummy_private.h"

/* Constant parameters (default storage) */
const ConstP_dummy_T dummy_ConstP = {
  /* Expression: [0.762721047593857	0.114882546593898	0.00247654474066823	2.09380749408769e-05	9.42229417535085e-08	2.63060135287668e-10	0.459613939727602	0.0198131117128797	0.000251260056028671	1.50757506761672e-06	5.26123024735364e-09	1.19993006342024e-11
     0.114882546593898	0.765197592334525	0.114903484668839	0.00247663896360998	2.09383380010122e-05	9.42229417535096e-08	0.0198131117128796	0.459865199783630	0.0198146192879473	0.000251265317258919	1.50758706691736e-06	5.26123024735407e-09
     0.00247654474066823	0.114903484668839	0.765197686557466	0.114903484931899	0.00247663896360999	2.09380749408770e-05	0.000251260056028671	0.0198146192879473	0.459865205044861	0.0198146192999466	0.000251265317258919	1.50757506761673e-06
     2.09380749408769e-05	0.00247663896360998	0.114903484931899	0.765197686557467	0.114903484668839	0.00247654474066823	1.50757506761672e-06	0.000251265317258918	0.0198146192999466	0.459865205044861	0.0198146192879473	0.000251260056028672
     9.42229417535087e-08	2.09383380010122e-05	0.00247663896360998	0.114903484668839	0.765197592334525	0.114882546593898	5.26123024735378e-09	1.50758706691736e-06	0.000251265317258919	0.0198146192879473	0.459865199783631	0.0198131117128796
     2.63060135287738e-10	9.42229417535093e-08	2.09380749408769e-05	0.00247654474066823	0.114882546593898	0.762721047593857	1.19993006342118e-11	5.26123024735394e-09	1.50757506761673e-06	0.000251260056028671	0.0198131117128797	0.459613939727602
     -0.899414767742325	0.420238976357871	0.0193120991758899	0.000248250167123685	1.49706460642265e-06	5.23723164608530e-09	0.762721047593857	0.114882546593898	0.00247654474066823	2.09380749408769e-05	9.42229417535083e-08	2.63060135287700e-10
     0.420238976357871	-0.880102668566434	0.420487226524995	0.0193135962404963	0.000248255404355332	1.49706460642266e-06	0.114882546593898	0.765197592334525	0.114903484668839	0.00247663896360998	2.09383380010123e-05	9.42229417535099e-08
     0.0193120991758899	0.420487226524995	-0.880101171501828	0.420487231762227	0.0193135962404964	0.000248250167123686	0.00247654474066823	0.114903484668839	0.765197686557467	0.114903484931899	0.00247663896360999	2.09380749408770e-05
     0.000248250167123685	0.0193135962404963	0.420487231762227	-0.880101171501828	0.420487226524995	0.0193120991758899	2.09380749408769e-05	0.00247663896360998	0.114903484931899	0.765197686557467	0.114903484668839	0.00247654474066823
     1.49706460642265e-06	0.000248255404355331	0.0193135962404963	0.420487226524995	-0.880102668566434	0.420238976357871	9.42229417535088e-08	2.09383380010122e-05	0.00247663896360998	0.114903484668839	0.765197592334525	0.114882546593898
     5.23723164608547e-09	1.49706460642265e-06	0.000248250167123685	0.0193120991758899	0.420238976357872	-0.899414767742325	2.63060135287715e-10	9.42229417535098e-08	2.09380749408769e-05	0.00247654474066823	0.114882546593898	0.762721047593857]
   * Referenced by: '<S1>/Constant5'
   */
  { 0.762721047593857, 0.114882546593898, 0.00247654474066823,
    2.09380749408769E-5, 9.42229417535087E-8, 2.63060135287738E-10,
    -0.899414767742325, 0.420238976357871, 0.0193120991758899,
    0.000248250167123685, 1.49706460642265E-6, 5.23723164608547E-9,
    0.114882546593898, 0.765197592334525, 0.114903484668839, 0.00247663896360998,
    2.09383380010122E-5, 9.42229417535093E-8, 0.420238976357871,
    -0.880102668566434, 0.420487226524995, 0.0193135962404963,
    0.000248255404355331, 1.49706460642265E-6, 0.00247654474066823,
    0.114903484668839, 0.765197686557466, 0.114903484931899, 0.00247663896360998,
    2.09380749408769E-5, 0.0193120991758899, 0.420487226524995,
    -0.880101171501828, 0.420487231762227, 0.0193135962404963,
    0.000248250167123685, 2.09380749408769E-5, 0.00247663896360998,
    0.114903484931899, 0.765197686557467, 0.114903484668839, 0.00247654474066823,
    0.000248250167123685, 0.0193135962404963, 0.420487231762227,
    -0.880101171501828, 0.420487226524995, 0.0193120991758899,
    9.42229417535085E-8, 2.09383380010122E-5, 0.00247663896360999,
    0.114903484668839, 0.765197592334525, 0.114882546593898, 1.49706460642265E-6,
    0.000248255404355332, 0.0193135962404964, 0.420487226524995,
    -0.880102668566434, 0.420238976357872, 2.63060135287668E-10,
    9.42229417535096E-8, 2.0938074940877E-5, 0.00247654474066823,
    0.114882546593898, 0.762721047593857, 5.2372316460853E-9,
    1.49706460642266E-6, 0.000248250167123686, 0.0193120991758899,
    0.420238976357871, -0.899414767742325, 0.459613939727602, 0.0198131117128796,
    0.000251260056028671, 1.50757506761672E-6, 5.26123024735378E-9,
    1.19993006342118E-11, 0.762721047593857, 0.114882546593898,
    0.00247654474066823, 2.09380749408769E-5, 9.42229417535088E-8,
    2.63060135287715E-10, 0.0198131117128797, 0.45986519978363,
    0.0198146192879473, 0.000251265317258918, 1.50758706691736E-6,
    5.26123024735394E-9, 0.114882546593898, 0.765197592334525, 0.114903484668839,
    0.00247663896360998, 2.09383380010122E-5, 9.42229417535098E-8,
    0.000251260056028671, 0.0198146192879473, 0.459865205044861,
    0.0198146192999466, 0.000251265317258919, 1.50757506761673E-6,
    0.00247654474066823, 0.114903484668839, 0.765197686557467, 0.114903484931899,
    0.00247663896360998, 2.09380749408769E-5, 1.50757506761672E-6,
    0.000251265317258919, 0.0198146192999466, 0.459865205044861,
    0.0198146192879473, 0.000251260056028671, 2.09380749408769E-5,
    0.00247663896360998, 0.114903484931899, 0.765197686557467, 0.114903484668839,
    0.00247654474066823, 5.26123024735364E-9, 1.50758706691736E-6,
    0.000251265317258919, 0.0198146192879473, 0.459865199783631,
    0.0198131117128797, 9.42229417535083E-8, 2.09383380010123E-5,
    0.00247663896360999, 0.114903484668839, 0.765197592334525, 0.114882546593898,
    1.19993006342024E-11, 5.26123024735407E-9, 1.50757506761673E-6,
    0.000251260056028672, 0.0198131117128796, 0.459613939727602,
    2.630601352877E-10, 9.42229417535099E-8, 2.0938074940877E-5,
    0.00247654474066823, 0.114882546593898, 0.762721047593857 },

  /* Expression: xmax
   * Referenced by: '<S1>/Constant1'
   */
  { 4.0, 4.0, 4.0, 4.0, 4.0, 4.0, 4.0, 4.0, 4.0, 4.0, 4.0, 4.0 }
};
